       0.0000000   4.4844597e-14   2.1946989e-14   7.9902047e-16   2.7310507e-25   2.9028006e-25   2.5483084e-26
     0.041392695   6.9192380e-14   3.5412826e-14   1.2015447e-15   4.2848233e-25   4.5941825e-25   3.7869874e-26
     0.079181261   1.0188817e-13   5.4264351e-14   1.7455057e-15   6.3948812e-25   6.9629465e-25   5.4344416e-26
      0.11394335   1.4437432e-13   7.9434436e-14   2.4564061e-15   9.1469690e-25   1.0141912e-24   7.5563334e-26
      0.14612803   1.9787937e-13   1.1172500e-13   3.3560941e-15   1.2611117e-24   1.4248372e-24   1.0206943e-25
      0.17609125   2.6311072e-13   1.5161576e-13   4.4584461e-15   1.6827454e-24   1.9351116e-24   1.3416903e-25
      0.20412001   3.4011287e-13   1.9904222e-13   5.7652096e-15   2.1796504e-24   2.5483809e-24   1.7184650e-25
      0.23044893   4.2807964e-13   2.5346299e-13   7.2636070e-15   2.7465334e-24   3.2595667e-24   2.1471007e-25
      0.25527248   5.2555371e-13   3.1378984e-13   8.9190371e-15   3.3741478e-24   4.0565566e-24   2.6180137e-25
      0.27875361   6.3044246e-13   3.7825839e-13   1.0674549e-14   4.0480091e-24   4.9182061e-24   3.1159614e-25
      0.30103001   7.3923289e-13   4.4470096e-13   1.2451355e-14   4.7446860e-24   5.8138305e-24   3.6194111e-25
      0.32221928   8.4751973e-13   5.1066104e-13   1.4141529e-14   5.4373226e-24   6.7109306e-24   4.1028660e-25
      0.34242269   9.5038238e-13   5.7352468e-13   1.5625766e-14   6.0944744e-24   7.5741825e-24   4.5339674e-25
      0.36172783   1.0436594e-12   6.3067106e-13   1.6840814e-14   6.6909975e-24   8.3566486e-24   4.8946702e-25
      0.38021126   1.1245610e-12   6.8018031e-13   1.7789661e-14   7.2096619e-24   9.0423663e-24   5.1814633e-25
      0.39794001   1.1899578e-12   7.2013735e-13   1.8422187e-14   7.6301522e-24   9.6008448e-24   5.3772537e-25
      0.41497335   1.2379482e-12   7.4944193e-13   1.8718377e-14   7.9345502e-24   1.0007072e-23   5.4769725e-25
      0.43136376   1.2660221e-12   7.6724078e-13   1.8673399e-14   8.1185772e-24   1.0259740e-23   5.4788227e-25
      0.44715804   1.2763253e-12   7.7412112e-13   1.8298794e-14   8.1854054e-24   1.0352136e-23   5.3854886e-25
      0.46239799   1.2685598e-12   7.7022953e-13   1.7627385e-14   8.1347703e-24   1.0295662e-23   5.2053015e-25
      0.47712123   1.2449286e-12   7.5660714e-13   1.6688717e-14   7.9836030e-24   1.0101643e-23   4.9457046e-25
      0.49136168   1.2089174e-12   7.3569559e-13   1.5548524e-14   7.7533494e-24   9.7990086e-24   4.6255732e-25
      0.50515002   1.1650607e-12   7.0961610e-13   1.4277136e-14   7.4700334e-24   9.4166097e-24   4.2665068e-25
      0.51851392   1.1171845e-12   6.7985093e-13   1.2927156e-14   7.1594782e-24   8.9811610e-24   3.8819465e-25
      0.53147894   1.0664086e-12   6.4892334e-13   1.1548657e-14   6.8309191e-24   8.5219116e-24   3.4870500e-25
      0.54406804   1.0158244e-12   6.1773474e-13   1.0175422e-14   6.5017654e-24   8.0546166e-24   3.0910765e-25
      0.55630249   9.6830127e-13   5.8782722e-13   8.8381359e-15   6.1900864e-24   7.5992456e-24   2.7030050e-25
      0.56820178   9.2540666e-13   5.6008792e-13   7.5637285e-15   5.9078570e-24   7.1688215e-24   2.3306916e-25
      0.57978362   8.8790322e-13   5.3545240e-13   6.3718797e-15   5.6574900e-24   6.7763587e-24   1.9804504e-25
      0.59106463   8.5728937e-13   5.1441660e-13   5.2753749e-15   5.4492701e-24   6.4307299e-24   1.6559149e-25
      0.60206002   8.3403277e-13   4.9753337e-13   4.2845752e-15   5.2875027e-24   6.1390320e-24   1.3612120e-25
      0.61278385   8.1843376e-13   4.8467765e-13   3.4055589e-15   5.1733138e-24   5.9032872e-24   1.0978816e-25
      0.62324929   8.1009030e-13   4.7589464e-13   2.6410123e-15   5.1041284e-24   5.7211150e-24   8.6722656e-26
      0.63346845   8.0853410e-13   4.7087480e-13   1.9924738e-15   5.0770561e-24   5.5939976e-24   6.6968379e-26
      0.64345270   8.1283224e-13   4.6903150e-13   1.4569903e-15   5.0868664e-24   5.5128302e-24   5.0449926e-26
      0.65321249   8.2162762e-13   4.6981262e-13   1.0320232e-15   5.1253007e-24   5.4736128e-24   3.7074610e-26
      0.66275781   8.3345866e-13   4.7245166e-13   7.0963267e-16   5.1832343e-24   5.4664599e-24   2.6619382e-26
      0.67209786   8.4655536e-13   4.7600858e-13   4.7591027e-16   5.2498907e-24   5.4799353e-24   1.8746383e-26
      0.68124127   8.5909615e-13   4.7961631e-13   3.1463688e-16   5.3144607e-24   5.5026977e-24   1.3037825e-26
      0.69019610   8.6942748e-13   4.8233982e-13   2.0621199e-16   5.3670137e-24   5.5234084e-24   9.0031539e-27
      0.69897002   8.7594759e-13   4.8343860e-13   1.3530235e-16   5.3979439e-24   5.5312264e-24   6.2140060e-27
      0.70757020   8.7770567e-13   4.8226344e-13   8.9295961e-17   5.4010496e-24   5.5173257e-24   4.3046511e-27
      0.71600336   8.7389226e-13   4.7847351e-13   5.9492187e-17   5.3714749e-24   5.4772724e-24   3.0013659e-27
      0.72427589   8.6426363e-13   4.7186511e-13   4.0126432e-17   5.3078981e-24   5.4068266e-24   2.1111451e-27
      0.73239374   8.4876936e-13   4.6251760e-13   2.7433217e-17   5.2098728e-24   5.3075424e-24   1.4998742e-27
      0.74036270   8.2766851e-13   4.5046562e-13   1.9029455e-17   5.0783140e-24   5.1782091e-24   1.0769593e-27
      0.74818802   8.0116874e-13   4.3591688e-13   1.3393695e-17   4.9155907e-24   5.0217824e-24   7.8147727e-28
      0.75587487   7.6896656e-13   4.1881951e-13   9.5264454e-18   4.7203166e-24   4.8392313e-24   5.7050301e-28
      0.76342797   7.3242658e-13   3.9986785e-13   6.5193905e-18   4.5005994e-24   4.6361673e-24   4.0343923e-28
      0.77085203   6.9500227e-13   3.8043347e-13   4.5270151e-18   4.2755475e-24   4.4264522e-24   2.8850076e-28
      0.77815127   6.5746338e-13   3.6095100e-13   3.1850511e-18   4.0498331e-24   4.2156146e-24   2.0845177e-28
      0.78532982   6.2037276e-13   3.4165502e-13   2.2709160e-18   3.8265873e-24   4.0050179e-24   1.5218452e-28
      0.79239166   5.8415502e-13   3.2280392e-13   1.6385373e-18   3.6086401e-24   3.7986951e-24   1.1218961e-28
      0.79934055   5.4911467e-13   3.0455846e-13   1.1959785e-18   3.3973106e-24   3.5981359e-24   8.3496945e-29
      0.80618000   5.1554300e-13   2.8703946e-13   8.8238650e-19   3.1946555e-24   3.4047681e-24   6.2692404e-29
      0.81291336   4.8356581e-13   2.7032978e-13   6.5768041e-19   3.0014872e-24   3.2196013e-24   4.7471067e-29
      0.81954396   4.5324854e-13   2.5446954e-13   4.9479353e-19   2.8181626e-24   3.0438634e-24   3.6227368e-29
      0.82607478   4.2463708e-13   2.3948862e-13   3.7555447e-19   2.6451150e-24   2.8779171e-24   2.7853264e-29
      0.83250892   3.9773901e-13   2.2545797e-13   2.8732293e-19   2.4826698e-24   2.7242984e-24   2.1558642e-29
      0.83884907   3.7250882e-13   2.1240937e-13   2.2143981e-19   2.3309151e-24   2.5859645e-24   1.6789450e-29
      0.84509802   3.4893505e-13   2.0064341e-13   1.7157908e-19   2.1912782e-24   2.4789966e-24   1.3142170e-29
      0.85733247   3.0594622e-13   1.7734958e-13   1.0498861e-19   1.9277378e-24   2.2058045e-24   8.1706774e-30
      0.86923170   2.6847583e-13   1.5692470e-13   6.5388416e-20   1.6975886e-24   1.9650888e-24   5.1551764e-30
      0.88081360   2.3580649e-13   1.3898471e-13   4.1271502e-20   1.4960715e-24   1.7517791e-24   3.2893341e-30
      0.89209461   2.0737714e-13   1.2322514e-13   2.6299078e-20   1.3200976e-24   1.5626241e-24   2.1155921e-30
      0.90309000   1.8264404e-13   1.0940144e-13   1.6871511e-20   1.1666515e-24   1.3956586e-24   1.3680252e-30
      0.91381383   1.6108272e-13   9.7255954e-14   1.0873763e-20   1.0322458e-24   1.2477899e-24   8.8775384e-31
      0.92427927   1.4228961e-13   8.6576909e-14   7.0288620e-21   9.1471057e-25   1.1167792e-24   5.7744639e-31
      0.93449849   1.2588906e-13   7.7181912e-14   4.5541509e-21   8.1178498e-25   1.0007865e-24   3.7603017e-31
      0.94448268   1.1155968e-13   6.8905196e-14   2.9497822e-21   7.2157730e-25   8.9797579e-25   2.4495952e-31
      0.95424253   9.9045565e-14   6.1597266e-14   1.9121612e-21   6.4248943e-25   8.0656005e-25   1.5953777e-31
      0.96378779   8.8054736e-14   5.5145527e-14   1.2393056e-21   5.7283363e-25   7.2531834e-25   1.0385009e-31
      0.97312784   7.8411501e-14   4.9439099e-14   8.0280439e-22   5.1151550e-25   6.5306496e-25   6.7557841e-32
      0.98227125   6.9936437e-14   4.4385906e-14   5.1965878e-22   4.5746048e-25   5.8873204e-25   4.3907863e-32
      0.99122608   6.2480570e-14   3.9902842e-14   3.3606654e-22   4.0977090e-25   5.3132292e-25   2.8508247e-32
       1.0000000   5.5905956e-14   3.5922641e-14   2.1712548e-22   3.6756732e-25   4.8009441e-25   1.8486803e-32
       1.0086001   5.0102038e-14   3.2382394e-14   1.4013156e-22   3.3019997e-25   4.3428965e-25   1.1974863e-32
       1.0170333   4.4970155e-14   2.9230826e-14   9.0342986e-23   2.9706607e-25   3.9333530e-25   7.7469735e-33
       1.0253059   4.0426181e-14   2.6420331e-14   5.8180366e-23   2.6765107e-25   3.5664009e-25   5.0061504e-33
       1.0334238   3.6395748e-14   2.3911135e-14   3.7426292e-23   2.4148261e-25   3.2373365e-25   3.2306458e-33
       1.0413927   3.2828027e-14   2.1685742e-14   2.4050260e-23   2.1827559e-25   2.9468288e-25   2.0819483e-33
       1.0606978   2.5499868e-14   1.7042492e-14   7.9236998e-24   1.7036397e-25   2.3300468e-25   6.9135078e-34
       1.0791812   1.9981191e-14   1.3496610e-14   2.5938822e-24   1.3407624e-25   1.8554340e-25   2.2803173e-34
       1.0969100   1.5787504e-14   1.0767146e-14   8.4401162e-25   1.0635671e-25   1.4875642e-25   7.4733299e-35
       1.1139433   1.2572797e-14   8.6499757e-15   2.7306975e-25   8.5005580e-26   1.2004329e-25   2.4347240e-35
       1.1303338   1.0087951e-14   6.9955781e-15   8.7878576e-26   6.8428731e-26   9.7478179e-26   7.8878456e-36
       1.1461281   8.1516330e-15   5.6937005e-15   2.8140089e-26   5.5459298e-26   7.9629371e-26   2.5420448e-36
       1.1613680   6.6312939e-15   4.6621730e-15   8.9685177e-27   4.5238416e-26   6.5420517e-26   8.1491340e-37
       1.1760913   5.4288543e-15   3.8396204e-15   2.8456908e-27   3.7127197e-26   5.4041564e-26   2.5967581e-37
       1.1903317   4.4674414e-15   3.1924690e-15   9.0320358e-28   3.0682247e-26   4.5069179e-26   8.1806613e-38
       1.2041200   1.0136948e-15   9.4979081e-16   1.1604197e-28   8.2412885e-27   1.3513228e-26   1.2640405e-38
