       0.0000000   6.1249654e-14   3.7084144e-14   1.7625976e-15   4.0826703e-25   5.5482935e-25   5.9050888e-26
     0.041392695   9.2178389e-14   5.8160138e-14   2.5990195e-15   6.2497687e-25   8.5214137e-25   8.6308200e-26
     0.079181261   1.3280405e-13   8.7059347e-14   3.7080193e-15   9.1320896e-25   1.2582860e-24   1.2192745e-25
      0.11394335   1.8461058e-13   1.2496348e-13   5.1334752e-15   1.2824688e-24   1.7921620e-24   1.6710644e-25
      0.14612803   2.4884096e-13   1.7281588e-13   6.9093388e-15   1.7400363e-24   2.4692562e-24   2.2275304e-25
      0.17609125   3.2614869e-13   2.3110589e-13   9.0549294e-15   2.2893492e-24   3.2975638e-24   2.8931410e-25
      0.20412001   4.1642182e-13   2.9956146e-13   1.1567522e-14   2.9293864e-24   4.2801084e-24   3.6660365e-25
      0.23044893   5.1856292e-13   3.7722693e-13   1.4415648e-14   3.6521843e-24   5.4072417e-24   4.5361788e-25
      0.25527248   6.3071521e-13   4.6229748e-13   1.7539577e-14   4.4436525e-24   6.6548099e-24   5.4848235e-25
      0.27875361   7.5038484e-13   5.5252607e-13   2.0832598e-14   5.2855506e-24   7.9920854e-24   6.4834309e-25
      0.30103001   8.7353950e-13   6.4470910e-13   2.4153527e-14   6.1486006e-24   9.3702312e-24   7.4910749e-25
      0.32221928   9.9523986e-13   7.3546914e-13   2.7330196e-14   7.0006642e-24   1.0743612e-23   8.4622730e-25
      0.34242269   1.1099159e-12   8.2125757e-13   3.0150944e-14   7.8010460e-24   1.2042418e-23   9.3363104e-25
      0.36172783   1.2130576e-12   8.9830717e-13   3.2506987e-14   8.5222261e-24   1.3222575e-23   1.0079053e-24
      0.38021126   1.3015812e-12   9.6396145e-13   3.4384305e-14   9.1410593e-24   1.4236679e-23   1.0674900e-24
      0.39794001   1.3720337e-12   1.0167523e-12   3.5684093e-14   9.6338364e-24   1.5051262e-23   1.1100179e-24
      0.41497335   1.4224252e-12   1.0536397e-12   3.6332771e-14   9.9801533e-24   1.5626728e-23   1.1327977e-24
      0.43136376   1.4501841e-12   1.0742694e-12   3.6356991e-14   1.0175169e-23   1.5952758e-23   1.1364912e-24
      0.44715804   1.4576515e-12   1.0797225e-12   3.5761928e-14   1.0224024e-23   1.6041558e-23   1.1210602e-24
      0.46239799   1.4445849e-12   1.0694725e-12   3.4597058e-14   1.0124057e-23   1.5884578e-23   1.0883849e-24
      0.47712123   1.4137094e-12   1.0464282e-12   3.2918400e-14   9.9010927e-24   1.5522009e-23   1.0392580e-24
      0.49136168   1.3688357e-12   1.0125185e-12   3.0848648e-14   9.5775842e-24   1.4984786e-23   9.7806767e-25
      0.50515002   1.3151101e-12   9.7104390e-13   2.8522450e-14   9.1872319e-24   1.4322003e-23   9.0836053e-25
      0.51851392   1.2569341e-12   9.2490622e-13   2.6031713e-14   8.7644432e-24   1.3583850e-23   8.3312871e-25
      0.53147894   1.1954684e-12   8.7670578e-13   2.3465998e-14   8.3180936e-24   1.2800094e-23   7.5514724e-25
      0.54406804   1.1341176e-12   8.2777080e-13   2.0893359e-14   7.8689807e-24   1.1996645e-23   6.7647393e-25
      0.55630249   1.0760609e-12   7.8035237e-13   1.8369227e-14   7.4387196e-24   1.1202360e-23   5.9867204e-25
      0.56820178   1.0230319e-12   7.3561257e-13   1.5945922e-14   7.0416562e-24   1.0439327e-23   5.2342983e-25
      0.57978362   9.7582716e-13   6.9442804e-13   1.3662112e-14   6.6805240e-24   9.7251691e-24   4.5210903e-25
      0.59106463   9.3615825e-13   6.5801541e-13   1.1538945e-14   6.3687637e-24   9.0742806e-24   3.8527376e-25
      0.60206002   9.0444301e-13   6.2633517e-13   9.5979822e-15   6.1092486e-24   8.4946133e-24   3.2378547e-25
      0.61278385   8.8109149e-13   5.9991644e-13   7.8527090e-15   5.9050943e-24   7.9906263e-24   2.6811796e-25
      0.62324929   8.6568714e-13   5.7878650e-13   6.3070773e-15   5.7542262e-24   7.5668579e-24   2.1849204e-25
      0.63346845   8.5768484e-13   5.6213650e-13   4.9640984e-15   5.6512353e-24   7.2113435e-24   1.7495808e-25
      0.64345270   8.5617486e-13   5.4977858e-13   3.8183749e-15   5.5926557e-24   6.9255577e-24   1.3749493e-25
      0.65321249   8.5973736e-13   5.4104029e-13   2.8641909e-15   5.5692956e-24   6.7008660e-24   1.0590218e-25
      0.66275781   8.6685137e-13   5.3493613e-13   2.0911204e-15   5.5712543e-24   6.5263708e-24   7.9883593e-26
      0.67209786   8.7572386e-13   5.3068356e-13   1.4844555e-15   5.5880036e-24   6.3917261e-24   5.9032769e-26
      0.68124127   8.8446672e-13   5.2719018e-13   1.0284919e-15   5.6077267e-24   6.2830092e-24   4.2831038e-26
      0.69019610   8.9140940e-13   5.2356481e-13   6.9832550e-16   5.6203837e-24   6.1887677e-24   3.0618699e-26
      0.69897002   8.9492729e-13   5.1908519e-13   4.6881162e-16   5.6163639e-24   6.0987972e-24   2.1689241e-26
      0.70757020   8.9403667e-13   5.1296457e-13   3.1321201e-16   5.5887530e-24   6.0008911e-24   1.5297777e-26
      0.71600336   8.8789229e-13   5.0480878e-13   2.0942364e-16   5.5322139e-24   5.8889309e-24   1.0787364e-26
      0.72427589   8.7622984e-13   4.9439925e-13   1.4076031e-16   5.4452321e-24   5.7574435e-24   7.6305674e-27
      0.73239374   8.5897240e-13   4.8179236e-13   9.5381736e-17   5.3270326e-24   5.6056054e-24   5.4261985e-27
      0.74036270   8.3633868e-13   4.6688973e-13   6.5290442e-17   5.1779204e-24   5.4311179e-24   3.8839448e-27
      0.74818802   8.0850697e-13   4.4982826e-13   4.5182749e-17   4.9999127e-24   5.2357676e-24   2.7988671e-27
      0.75587487   7.7514696e-13   4.3054215e-13   3.1470083e-17   4.7912723e-24   5.0185566e-24   2.0201216e-27
      0.76342797   7.3761134e-13   4.0976564e-13   2.1020473e-17   4.5603183e-24   4.7878583e-24   1.4111320e-27
      0.77085203   6.9933871e-13   3.8874230e-13   1.4202005e-17   4.3256252e-24   4.5541895e-24   9.9331873e-28
      0.77815127   6.6108150e-13   3.6789364e-13   9.7056570e-18   4.0916339e-24   4.3220095e-24   7.0465656e-28
      0.78532982   6.2338681e-13   3.4747858e-13   6.7064477e-18   3.8615413e-24   4.0947114e-24   5.0378269e-28
      0.79239166   5.8665851e-13   3.2766076e-13   4.6839865e-18   3.6377304e-24   3.8735206e-24   3.6287418e-28
      0.79934055   5.5118781e-13   3.0857327e-13   3.3063608e-18   3.4213679e-24   3.6598372e-24   2.6345306e-28
      0.80618000   5.1725818e-13   2.9036645e-13   2.3593009e-18   3.2145615e-24   3.4556475e-24   1.9276952e-28
      0.81291336   4.8497933e-13   2.7306250e-13   1.7000779e-18   3.0178635e-24   3.2615184e-24   1.4213146e-28
      0.81954396   4.5441305e-13   2.5672190e-13   1.2372479e-18   2.8316445e-24   3.0782823e-24   1.0560735e-28
      0.82607478   4.2559566e-13   2.4135136e-13   9.0924757e-19   2.6562349e-24   2.9065695e-24   7.9078825e-29
      0.83250892   3.9852597e-13   2.2698797e-13   6.7441181e-19   2.4918045e-24   2.7479099e-24   5.9665171e-29
      0.83884907   3.7315441e-13   2.1366219e-13   5.0473944e-19   2.3383929e-24   2.6052688e-24   4.5350358e-29
      0.84509802   3.4946639e-13   2.0167833e-13   3.7992188e-19   2.1974167e-24   2.4946224e-24   3.4677335e-29
      0.85733247   3.0630154e-13   1.7804902e-13   2.2195126e-19   1.9318636e-24   2.2163886e-24   2.0712127e-29
      0.86923170   2.6871106e-13   1.5738613e-13   1.3309203e-19   1.7003136e-24   1.9720580e-24   1.2647066e-29
      0.88081360   2.3596153e-13   1.3928659e-13   8.1545049e-20   1.4978575e-24   1.7562664e-24   7.8641325e-30
      0.89209461   2.0747977e-13   1.2343058e-13   5.0802737e-20   1.3213001e-24   1.5657427e-24   4.9588435e-30
      0.90309000   1.8271128e-13   1.0953676e-13   3.2046901e-20   1.1674435e-24   1.3977283e-24   3.1591099e-30
      0.91381383   1.6112666e-13   9.7344588e-14   2.0401395e-20   1.0327646e-24   1.2491490e-24   2.0280175e-30
      0.92427927   1.4231832e-13   8.6635743e-14   1.3070556e-20   9.1505303e-25   1.1176837e-24   1.3085557e-30
      0.93449849   1.2590777e-13   7.7220705e-14   8.4148586e-21   8.1201043e-25   1.0013867e-24   8.4708398e-31
      0.94448268   1.1157186e-13   6.8930773e-14   5.4259605e-21   7.2172531e-25   8.9837115e-25   5.4949310e-31
      0.95424253   9.9053411e-14   6.1613887e-14   3.5062733e-21   6.4258548e-25   8.0681671e-25   3.5681533e-31
      0.96378779   8.8059819e-14   5.5156425e-14   2.2675854e-21   5.7289662e-25   7.2549065e-25   2.3179519e-31
      0.97312784   7.8414829e-14   4.9446404e-14   1.4667560e-21   5.1155727e-25   6.5318048e-25   1.5054558e-31
      0.98227125   6.9938638e-14   4.4390910e-14   9.4852577e-22   4.5748857e-25   5.8880968e-25   9.7729497e-32
      0.99122608   6.2482001e-14   3.9906154e-14   6.1303910e-22   4.0978939e-25   5.3137438e-25   6.3394837e-32
       1.0000000   5.5906904e-14   3.5924960e-14   3.9592715e-22   3.6757990e-25   4.8013037e-25   4.1082416e-32
       1.0086001   5.0102650e-14   3.2383818e-14   2.5548091e-22   3.3020789e-25   4.3431261e-25   2.6597192e-32
       1.0170333   4.4970591e-14   2.9231978e-14   1.6469667e-22   2.9707206e-25   3.9335299e-25   1.7199023e-32
       1.0253059   4.0426470e-14   2.6421132e-14   1.0606444e-22   2.6765515e-25   3.5665234e-25   1.1109807e-32
       1.0334238   3.6395958e-14   2.3911765e-14   6.8233292e-23   2.4148568e-25   3.2374318e-25   7.1670903e-33
       1.0413927   3.2828180e-14   2.1686225e-14   4.3851119e-23   2.1827787e-25   2.9469010e-25   4.6172218e-33
       1.0606978   2.5499946e-14   1.7042773e-14   1.4452049e-23   1.7036519e-25   2.3300881e-25   1.5320281e-33
       1.0791812   1.9981237e-14   1.3496793e-14   4.7326925e-24   1.3407700e-25   1.8554606e-25   5.0490807e-34
       1.0969100   1.5787534e-14   1.0767273e-14   1.5404897e-24   1.0635722e-25   1.4875829e-25   1.6533217e-34
       1.1139433   1.2572818e-14   8.6500695e-15   4.9857057e-25   8.5005949e-26   1.2004465e-25   5.3813863e-35
       1.1303338   1.0087967e-14   6.9956481e-15   1.6049691e-25   6.8429010e-26   9.7479215e-26   1.7417372e-35
       1.1461281   8.1516454e-15   5.6937529e-15   5.1407726e-26   5.5459505e-26   7.9630148e-26   5.6076015e-36
       1.1613680   6.6313024e-15   4.6622128e-15   1.6388254e-26   4.5238571e-26   6.5421112e-26   1.7960277e-36
       1.1760913   5.4288610e-15   3.8396511e-15   5.2011746e-27   3.7127318e-26   5.4042024e-26   5.7205943e-37
       1.1903317   4.4674466e-15   3.1924924e-15   1.6512098e-27   3.0682338e-26   4.5069531e-26   1.8053629e-37
       1.2041200   1.0136957e-15   9.4979570e-16   2.1208140e-28   8.2413069e-27   1.3513281e-26   2.8096475e-38
